240
242
319
338
909
1896
2358
2366
225
1188
838
358
30
63
243
31
64
32
65
450
451
1637
245
160
1
1346
429
384
385
386
387
388
2362
2370
1055
1056
1057
1058
1059
1060
1061
1062
1063
1064
1065
1066
1067
1068
1069
1070
1071
1072
1073
1074
1075
1076
1077
1078
1079
1080
1081
1082
1083
1084
1085
1086
1087
1088
1089
1091
1092
1093
1094
1095
1096
1097
1098
1099
1100
1101
1102
1103
1104
1105
1106
1107
49
77
233
1628
1629
208
1911
375
1442
214
420
1446
359
33
34
66
67
734
1626
864
271
2401
434
438
893
437
1430
823
430
287
36
984
985
986
987
988
989
990
991
992
993
994
995
996
997
998
999
1000
1001
1002
1003
1004
1005
1006
1007
1008
1009
1010
1011
1012
1013
1014
1015
1016
1017
1018
1019
1020
1021
1022
1023
1024
1025
1026
1027
1028
1029
1030
1031
1032
1033
1034
1035
1036
1037
1038
1039
1040
1041
1042
1043
1044
1045
1046
1047
1048
1049
1050
1051
1052
1108
1053
1054
427
363
757
258
259
1196
228
230
48
76
299
320
1638
35
68
272
1441
2359
2367
309
331
1614
1632
1865
2256
758
423
1537
2363
2371
417
227
421
1378
1538
891
892
539
841
407
2230
1613
224
1401
408
411
389
390
391
392
393
394
425
370
1535
836
426
282
545
546
830
831
465
759
1539
735
324
1790
1239
457
459
825
432
460
439
45
73
236
237
828
829
444
840
1622
1623
1633
814
815
412
456
458
246
440
819
900
377
1540
910
890
46
74
241
433
43
71
1541
1544
428
189
191
37
1542
410
1640
467
2360
2368
1214
736
737
1866
1543
839
2364
2372
1206
1207
1448
1449
1545
1868
50
371
360
395
396
397
398
399
400
401
402
403
404
405
1546
1547
760
810
1624
1625
350
353
38
156
157
540
322
332
244
1548
1365
336
1444
837
1536
1549
1550
1611
2232
1605
1606
1607
1608
1609
1610
1366
414
1358
547
548
466
826
1200
1551
1235
902
818
1552
1554
1553
454
568
569
413
934
935
1330
1331
2350
2245
1891
446
738
739
1555
917
920
1395
1197
1187
435
2335
343
348
1170
1557
2539
312
1615
1556
791
1348
2398
1404
936
448
580
581
1558
765
766
767
768
769
770
771
772
773
774
775
776
777
778
779
780
781
782
783
784
785
786
787
788
789
790
376
887
1432
1433
2351
1560
2540
888
889
1916
1917
1559
1612
1245
1561
1347
1405
1406
1408
1409
1472
740
741
1563
2221
361
969
742
743
39
842
843
1562
2352
1183
911
1204
1205
1447
918
921
2348
1436
549
550
40
1303
415
1242
372
379
930
1247
1248
1250
1564
2340
2343
2339
2342
2353
2346
2341
461
927
445
1912
570
571
453
351
354
811
2242
1319
744
745
2281
2214
2231
2237
288
551
1184
1565
2354
1566
2233
2537
47
75
468
1212
1847
813
919
922
1243
409
2391
2393
2355
2278
1359
899
1202
1203
1435
1426
868
746
747
552
553
543
1851
937
582
583
1567
901
970
869
2243
870
431
817
1363
1439
1437
1427
1428
1429
1443
1210
1211
1451
2234
925
455
572
573
1376
2347
1862
2349
2356
1568
816
1333
1334
1335
1336
2280
1569
447
732
1337
1338
1339
1340
1341
1342
1249
341
346
362
1570
2269
291
554
555
1571
352
355
1874
1234
1109
1110
1111
289
342
347
2235
1909
832
833
584
585
574
575
1298
954
1299
2229
2238
956
931
2220
2224
556
557
1283
2538
1643
1309
1424
1295
1572
340
345
1288
1642
2222
2394
1573
1237
1869
1220
1368
2279
834
835
576
577
1277
748
749
1218
558
559
2244
1574
938
283
284
2373
1289
586
587
1316
1221
1879
1575
2240
2219
2236
1240
812
912
1371
1312
1314
1315
2136
2344
2345
1854
2395
2223
1313
827
1222
578
579
560
561
949
1223
2239
932
1577
1576
2536
1224
2282
588
589
349
846
374
1287
562
563
1578
801
1311
1246
1413
1414
951
1588
1304
1308
1310
1375
950
1587
957
958
1233
983
356
1257
564
565
955
761
590
591
1230
2225
452
952
1589
566
567
1302
1293
1294
2241
1880
1352
1354
820
821
822
2375
1306
1258
592
593
1225
1848
844
845
1434
1357
1399
1226
1238
1867
541
1227
750
751
804
1861
939
1270
752
1305
2227
809
1228
1208
1209
1450
1445
1291
1292
373
1300
1422
2261
2262
1402
2374
1229
2226
290
928
1369
1374
1377
1307
1244
1892
1275
1276
1296
1343
1344
1345
1361
1269
1416
1415
1919
2257
2258
959
542
1431
1290
894
1372
1855
1355
1356
964
965
966
967
1350
1281
961
962
963
968
897
896
1320
1321
1322
1323
1324
2228
286
2378
1278
805
960
1454
913
1351
1279
1253
1849
1852
1254
1412
973
1367
972
974
975
976
977
978
802
1858
1859
2336
953
1590
544
2275
1280
1301
971
1231
1362
1875
1251
2259
2260
2376
895
369
1266
1349
2534
2535
1219
1364
1513
1850
1213
898
2283
1863
1353
1418
1417
1411
1579
1373
2337
1232
1241
1236
982
1370
1644
1893
914
1297
1580
1581
1582
1583
1584
1585
1267
940
941
942
943
944
945
946
947
948
1853
2329
2543
1396
1397
285
1420
1419
1423
1899
1455
1898
2542
1252
1268
1453
1883
1882
2379
1901
2388
2386
1403
2265
2266
2541
2545
1201
2547
2267
2546
915
1586
2544
1421
2384
1876
2274
2380
2216
2277
1902
1398
916
2276
1903
1904
1905
