322
351
1851
376
845
228
2539
787
781
1555
1571
2234
831
1412
284
286
288
290
336
1612
1632
1614
1613
312
332
1625
319
1628
1629
1637
1626
1640
1624
1622
331
1633
338
324
299
1409
1406
1405
346
360
350
363
354
359
343
345
349
358
356
342
340
369
355
370
372
1852
2265
2267
375
1898
844
843
1605
1607
1606
1611
1609
1610
1278
1277
1281
1290
1269
399
397
403
400
401
396
390
392
398
402
393
389
386
385
387
405
395
394
2386
2388
927
931
930
420
410
428
415
432
439
413
412
434
421
426
409
429
430
423
407
433
425
431
408
435
417
427
411
437
2274
2216
2277
1295
1244
1235
1248
1297
1233
1221
1242
1250
1243
1426
1427
1249
1234
1299
1218
1222
1224
1304
1308
1293
1306
1225
1226
1227
1305
1228
1291
1292
1300
1229
1307
1296
1301
1232
1236
1247
1288
1289
1422
1313
1314
1312
1287
1310
1254
1423
1252
1270
1275
1276
1258
451
450
465
457
459
460
458
466
454
461
468
2278
2279
452
544
539
543
241
237
47
224
37
39
31
191
43
243
156
38
46
259
45
233
240
225
34
63
64
245
214
271
230
272
73
74
71
244
50
258
189
282
30
68
36
32
65
49
77
920
918
919
579
576
574
573
572
571
583
582
585
550
591
587
551
569
575
581
590
580
593
545
547
546
592
588
567
549
553
556
558
562
561
1874
1413
1323
1320
2537
2538
2535
2540
2546
2543
2542
2545
2544
935
738
739
742
745
741
734
735
736
746
747
749
750
1404
1170
1331
2262
1883
1866
1865
757
758
939
937
788
790
785
771
782
768
766
773
786
776
774
775
789
780
779
783
784
772
770
777
778
2395
2401
2393
887
892
890
895
893
888
1432
1205
1204
1447
1449
1430
1203
1451
1428
1436
1433
1442
1207
1443
1445
1454
1455
1453
1434
1439
1437
1209
1206
1472
1363
1357
1349
1366
1359
1354
1351
1356
1368
1361
1358
1365
869
870
1858
1859
2214
1346
1187
1188
1372
1376
1371
1343
1377
1369
1344
2363
2350
2352
2348
2340
2343
2339
2342
2353
2346
2341
2354
2355
2349
2356
2344
2368
2360
2359
2366
2367
2358
2370
2362
2371
804
1055
1056
1057
1058
1059
1060
1061
1063
1064
1065
1066
1067
1068
1069
1070
1071
1072
1073
1074
1075
1077
1078
1079
1080
1081
1082
1083
1084
1085
1086
1087
1088
1089
1091
1092
1093
1094
1095
1096
1097
1098
1099
1100
1101
1102
1103
1104
1105
1107
984
985
986
987
988
989
990
991
992
993
994
995
996
997
998
999
1000
1001
1002
1003
1004
1005
1006
1007
1008
1009
1010
1011
1012
1013
1014
1015
1016
1017
1018
1019
1020
1021
1022
1023
1024
1025
1026
1027
1028
1029
1030
1031
1032
1033
1034
1035
1036
1037
1038
1039
1040
1041
1042
1043
1044
1045
1046
1047
1048
1049
1050
1051
1052
1108
1053
1054
1110
1111
1416
1417
1901
1902
1904
941
943
944
946
948
947
1584
1585
1580
1537
1538
1539
1540
1541
1542
1543
1545
1546
1547
1548
1549
1550
1551
1552
1554
1553
1557
1556
1558
1560
1559
1561
1563
1562
1564
1565
1566
1567
1568
1570
1573
1577
1576
951
952
950
955
957
954
969
970
971
975
966
962
972
1402
900
902
810
819
821
812
811
1912
1911
1916
826
825
2245
2230
2243
2221
2219
2235
2242
2240
2220
2224
2244
2241
2225
2231
2229
1919
1848
2391
909
911
912
913
914
915
1339
1335
1333
1341
1336
1338
1340
832
828
829
1855
1854
2375
2374
835
839
840
1535
836
837
841
